2025967124 791
3865856680 3158
3236269877 65
1874815819 74
3743854702 35
2285711361 1787
2740751019 1207
621773055 4375
67189446 91
537122170 96
726618854 75
3991138369 2372
2409620788 47315136
2899979305 13293048
3142100021 386700
1331768035 260648
785692652 776332
130575650 4377720
3183243476 93601970
2620144923 16871741
3682689307 708840
2441744924 257792
3784632122 515347
2778098855 6293033
810133094 480338450
2500348779 250501244
2556874232 8028722
523612427 5163285
1134415298 15411109
727042305 101452883
3836608101 155728603
2132633989 86948458
1054373651 2734410
4195642607 1631849
49738410 4304797
66715528 29360211
1809788402 8028896
2170300894 4456644
1792913123 169368
870233642 40906
2977262908 388380
4154301531 1024485
4294967295 0
1806211289 629
4294967295 0
4294967295 0
4294967295 0
4294967295 0
3523686974 158
2636760929 903
1902755649 4
1980435805 4
1902755649 4
147287806 135
2905554807 3392
3113933248 19852
60686201 404
4154441172 276
2977262908 388380
2023093976 4352
1833825602 1691114
1742455145 47417
344096569 21120
1292381498 588
2977262908 388380
1747827357 9513
4294967295 0
938282739 180426
4294967295 0
4294967295 0
4294967295 0
4294967295 0
4089863441 1412
2693600410 4234
576389172 81
177100049 72
3443942963 72
3378083736 1081
3068130891 4606382
3800244780 1758738
3864274099 61077
2630234011 32234
2702263609 148125
1185359592 479510
2887433476 3679206
1989694425 1757834
1792913123 169368
827378178 44444
2977262908 388380
1022263884 479510
4294967295 0
3316420536 1737797
4294967295 0
4294967295 0
4294967295 0
4294967295 0
1025790741 6257447
2377135828 169368
3945870266 60611
995208570 1090754
